.Random.seed <-
c(403L, 80L, 882932682L, 1445360899L, -1242107344L, -1812781529L, 
997734981L, -1614784731L, -1840073798L, 2039830626L, -666440998L, 
-1352971316L, -2109525873L, 1103651812L, 301489471L, -1510342014L, 
1870777787L, -3737262L, -947049240L, 1893492344L, -1993627394L, 
1141148096L, -1706288191L, 1836313373L, -1418179080L, 1428386517L, 
-392221054L, -761061449L, -1881906548L, -370423575L, -406111038L, 
2054663405L, -686254059L, 1705376511L, 1665770476L, -542990845L, 
865435239L, -958432559L, 119843033L, -2058976295L, 113378930L, 
135856242L, -855094561L, 503377916L, -1016541997L, -323877851L, 
1865028181L, -545328677L, 480910367L, 1555802821L, -319602350L, 
-714051355L, -902226413L, 1663824880L, -1545963275L, 1306219827L, 
2117219546L, -420665516L, 418135253L, 481776037L, 1241714057L, 
-1535028925L, -1787569808L, -296358007L, 1028169252L, -1781433710L, 
-957186407L, -1206913528L, -798029417L, 495204378L, 1617736480L, 
-1677071843L, 1653035111L, -702761540L, -1361325869L, 587021386L, 
396545270L, -51269391L, 1580332473L, -586409467L, 1685052936L, 
-915238007L, 1644168630L, -381527977L, -151676970L, 74800823L, 
-1594599216L, 783265070L, -1759953749L, -1036687497L, 557844547L, 
-80137262L, 448972276L, 129771848L, -426974620L, -1699986576L, 
471972255L, -914823614L, -1365993799L, -1917396495L, 1675037497L, 
1118625804L, 1212934950L, 779076781L, -105854967L, -269438056L, 
-337346211L, 881098382L, -1608854623L, -968563987L, -1954939602L, 
464690731L, -1708378870L, -1556066658L, 740949697L, 1285113128L, 
-875048104L, -1841026660L, 1109119364L, -1920428004L, -1898712529L, 
678170617L, 2137494220L, -1524066913L, -227476348L, -1176224137L, 
1443388281L, -429714390L, 1884774359L, -1757988778L, 133213394L, 
-1795062409L, 1211452866L, 265775741L, -472505526L, -31146967L, 
1975205671L, 977027136L, -1342127475L, 279573624L, -1855606592L, 
1887895357L, -288692796L, -2035903416L, 111439775L, 1158923101L, 
1739096504L, -2088568839L, 2059873092L, 1232738356L, 2031494509L, 
-1042888290L, 789840058L, 1500789688L, -897972961L, 108374980L, 
625600465L, -44181023L, -1827745369L, -615835102L, 31631988L, 
-1758935878L, 1788069971L, -872037735L, 1217606182L, 2118332520L, 
2084559914L, -287425008L, 182286716L, -61931005L, 2021566081L, 
9201894L, -910356920L, 1602378614L, -759291910L, -126376774L, 
-1930670838L, 27135465L, 1440418522L, -697686172L, -412608544L, 
-1555965570L, 1027681016L, -865161359L, 913689917L, -1117025338L, 
-370193678L, -1627819365L, 1361902071L, -1100794360L, -475297966L, 
564128775L, -1960997466L, 1501472164L, -2115010032L, 764892369L, 
-32321159L, 1365612262L, 821279867L, -1577060144L, -392877380L, 
753596014L, 731525912L, -915671603L, 1036752608L, -400886292L, 
2022677559L, -399345921L, -1675278673L, 1086195458L, 757786628L, 
1042930318L, -1206081008L, -442805611L, -1385841664L, 1163888673L, 
1521325310L, 1715526574L, -509864021L, 1886092957L, -1375392267L, 
-106218084L, -136363239L, 307193434L, -336457765L, -1178340988L, 
560167874L, 1436678801L, -1930570173L, 911986599L, 794548870L, 
-2069444572L, -2079979397L, -1957605630L, -585730538L, 27348101L, 
286229778L, 1747632284L, -1289227944L, 1687566740L, 1916756416L, 
-283357451L, -2081745911L, 382465960L, -352853543L, 1438794941L, 
956791288L, -1738541952L, -487066970L, -1232800719L, -678541466L, 
1007890522L, -706851114L, -1666206957L, 331327791L, 1748064915L, 
1454197797L, 1352052108L, -705205657L, -685233007L, 367584299L, 
1799495051L, -876631864L, -248832794L, 737177987L, -1017371524L, 
-1372361827L, -1701875959L, 113173478L, 1024523505L, -424755243L, 
-1707688205L, 1582027999L, 1863921340L, 1883706652L, -1827679743L, 
-93928738L, -2001796276L, -1991952832L, -872354822L, 489019822L, 
-212586933L, -238452828L, 807371316L, 2033975494L, -370134727L, 
1519100469L, 854789898L, 1731288371L, 1286939073L, 1298334557L, 
1303610763L, 591534420L, 283667465L, -84778789L, 1676481527L, 
1521870660L, -2108836564L, -1536396154L, 1256986423L, -572973224L, 
192346973L, 519084146L, 103154607L, -1123920195L, 1656219409L, 
1585874334L, -709538893L, -1704602294L, 1185820133L, -1547753670L, 
-2056747124L, -1544384745L, -1497648718L, -1496506638L, 1089304593L, 
1881015276L, -1710544312L, -866878689L, 1262728922L, -2136598857L, 
-1099920846L, 1630647288L, 1708804864L, 1922058959L, 2116374692L, 
1903918857L, -1528305992L, 1191099237L, 432505973L, 552530627L, 
-1893428592L, 160766506L, -907187778L, 1401781929L, 934767073L, 
1259522969L, -1232063675L, -1451945638L, -1404651382L, 1760038666L, 
2032211845L, -1148495831L, 1498255408L, 170226465L, -1048520444L, 
1422725214L, -1011582074L, 783100580L, 1728213422L, -761600163L, 
1398204875L, 1636045010L, 2043080817L, -1384679430L, -724662919L, 
63174739L, 659393993L, -944801381L, -46033892L, 1220793557L, 
1408607986L, -1359412485L, -1552051375L, 1102138377L, -664318415L, 
19011881L, -1129070170L, -111910372L, 2133399474L, 1167551823L, 
-882448904L, -1265916944L, 501925451L, 1864158653L, -1375800356L, 
-1381856318L, 1547919450L, -587734916L, -2104595295L, 1581462605L, 
-1349705336L, 1223573474L, 990889429L, -130743279L, -1878815043L, 
-2096504874L, -57704843L, -1099128963L, 1529116348L, -1925473605L, 
-8695809L, 839275045L, 931745472L, 1647855648L, 890795177L, -1836154228L, 
-915877485L, 720488474L, -1906415118L, -1193123514L, -1783694206L, 
-981234905L, -217936943L, -487748609L, 978502668L, -847168819L, 
1304784820L, -1654018151L, -1002531438L, -1936961151L, -1241973157L, 
-1053973903L, -404087930L, -403195806L, 175135741L, 1386449944L, 
985596755L, 2009711106L, -1647324037L, -579835448L, -862727887L, 
-723036823L, 812991571L, -1999086603L, 386329462L, 445620663L, 
-2067224312L, 1070364670L, 1587691174L, 1422429204L, -641141265L, 
-657785437L, -1779422796L, -474367223L, 1977960170L, -290867053L, 
-1473320455L, -684244447L, -1642112013L, 301172947L, -1030771998L, 
891066634L, 986438659L, -227101021L, 1892006087L, 1747882798L, 
-99995930L, -367614338L, 1370323617L, 1888805157L, -2084232795L, 
-1982370939L, -2006341926L, -1374960224L, 1305491770L, -659374880L, 
-405329349L, 75157524L, -238889932L, -1408027204L, -291621419L, 
-1996923056L, 951542327L, 2089331909L, 1644677355L, 629545247L, 
-431913520L, 972502571L, -828340093L, 53373462L, -771965748L, 
-1066695771L, 562918538L, 708801204L, 1534611470L, -1527105914L, 
-1451460084L, 2075444784L, -795086902L, -1199697776L, 408651889L, 
134019917L, 39908912L, 235540943L, -237084250L, 1831077923L, 
-1882658356L, 1742395937L, -106198761L, 35697843L, -1331696340L, 
841998174L, 2111141740L, -830880038L, -248459588L, -1292665433L, 
-763913857L, -2119299918L, 1272704436L, -1061072012L, -1035602071L, 
442404526L, 455556804L, 1724940852L, -937622931L, -923535807L, 
-665607220L, 1244246116L, -1500761253L, -1957662774L, -176845693L, 
-1312944031L, -1666041213L, -1658314116L, -870642219L, -988747474L, 
-1547000930L, 1026542763L, -153847078L, -367827176L, 1418841419L, 
-1043484801L, -1484412471L, -1499777451L, -1892844535L, 454044543L, 
-694268424L, -253618062L, 1252984982L, -7607488L, -895324107L, 
-632772634L, -1188112622L, 1715316262L, -816583688L, 1603335447L, 
-52378964L, -1987088855L, 262904029L, -291906167L, -1989878240L, 
-433508802L, -128109032L, -926124458L, -925732614L, -247202273L, 
-791783116L, 1617701749L, 450584118L, -1676869408L, -834964949L, 
1680096445L, 1750776063L, -1814504510L, 1575361639L, -292648676L, 
1542797645L, 1444244889L, -973740476L, 110683751L, -197337556L, 
-607007009L, -581577812L, 1620678898L, 1368970586L, 87145963L, 
-76788376L, 1629019102L, -985479998L, -1023641226L, 1343185977L, 
1171732996L, -1543223869L, 1532158842L, 1551717141L, 599381748L, 
1185994536L, 1120887826L, -820295154L, 1939403533L, 662202432L, 
1300285774L, 760148426L, 1960630300L, -1908398195L, 1969074143L, 
347106951L, -94142258L, 1125405768L, -1232002950L, 1010389361L, 
352689784L, -1176376963L, -1547129426L, -795396000L, 2095649373L, 
1214796147L, -633979442L, -2111984227L, 1036294461L, 1018831600L, 
